hoge:A,101M:1:A-1:C-1,84.100000,100.000000,0.000000,0.000000,0.090814,100.000000,87,1
hoge:A,102M:1:A-1:C-1,75.766128,100.000000,0.282995,0.242672,0.089770,100.000000,86,1
hoge:A,106M:1:A-1:C-1,69.886513,81.811966,0.435854,0.377090,0.092324,95.000000,89,3
hoge:A,103M:1:A-1:C-1,69.779367,100.000000,0.388039,0.343322,0.084551,95.238095,81,1
hoge:A,110M:1:A-1:C-1,69.085077,75.253887,0.501811,0.477364,0.090531,100.000000,87,3
hoge:A,1AJG:1:A-1:D-1,66.968452,72.645031,0.632043,0.634708,0.093458,100.000000,90,3
hoge:A,111M:1:A-1:C-1,66.640272,76.606959,0.519101,0.442550,0.087409,100.000000,84,4
hoge:A,1AJH:1:A-1:D-1,66.235511,75.333796,0.612697,0.602631,0.091476,100.000000,88,2
hoge:A,112M:1:A-1:C-1,65.924414,76.808511,0.388831,0.338563,0.084287,100.000000,81,2
hoge:A,1A6N:1:A-1:D-1,65.888900,75.369198,0.540451,0.453040,0.089304,95.454545,86,3
hoge:A,1A6M:1:A-1:D-1,65.862195,87.244401,0.604163,0.544611,0.090437,95.454545,87,2
hoge:A,1A6K:1:A-1:E-1,65.631355,78.875230,0.604724,0.556058,0.089490,95.238095,86,3
hoge:A,109M:1:A-1:C-1,65.520255,77.278063,0.552771,0.492426,0.087409,100.000000,84,3
hoge:A,1ABS:1:A-1:C-1,65.173218,72.699040,0.623524,0.565251,0.091381,95.454545,88,3
hoge:A,108M:1:A-1:C-1,65.135068,79.028381,0.407869,0.335740,0.084200,95.000000,81,3
hoge:A,104M:1:A-1:C-1,64.161013,85.362319,0.448342,0.367603,0.082292,95.238095,79,3
hoge:A,1A6G:1:A-1:D-1,63.289186,74.358114,0.650313,0.599109,0.090249,100.000000,87,3
hoge:A,107M:1:A-1:C-1,62.127206,82.928278,0.432499,0.405946,0.082988,95.000000,80,3
hoge:A,105M:1:A-1:C-1,54.004545,59.425939,0.754663,0.658024,0.080997,100.000000,78,3
hoge:A,1A3O:1:B-1:F-1,37.518135,41.463415,0.976100,0.814748,0.071942,33.333333,70,1
hoge:A,1A3O:1:D-1:H-1,36.179706,40.740741,1.134792,0.967353,0.074227,29.166667,72,1
hoge:A,1A00:1:A-1:E-1,35.177158,45.454545,0.971945,0.815449,0.070552,41.666667,69,1
hoge:A,1A0Z:1:A-1:E-1,34.317426,42.045455,0.935153,0.793008,0.069459,39.130435,68,1
hoge:A,1ABW:1:A-1:H-1,34.249297,43.678161,0.925477,0.778378,0.068437,39.130435,67,1
hoge:A,1A0U:1:A-1:E-1,33.408880,41.111111,0.921114,0.748757,0.068298,40.909091,67,1
hoge:A,1A0U:1:C-1:G-1,33.370807,45.567914,0.983794,0.802742,0.068507,48.000000,67,2
hoge:A,1A01:1:C-1:G-1,33.125579,45.348837,1.013227,0.833769,0.068507,40.000000,67,1
hoge:A,1A0Z:1:C-1:G-1,31.167477,48.837209,0.977845,0.803478,0.065306,43.478261,64,1
hoge:A,101M:1:A-1:D-1,21.043478,95.652174,0.000000,0.000000,0.023013,100.000000,22,1
hoge:A,1AMU:2:B-1:F-1,15.639159,52.564103,0.860300,0.707872,0.024008,33.333333,23,3
hoge:A,1AIJ:1:A-1:M-1,14.986758,60.702765,0.683065,0.626831,0.026971,0.000000,26,8
hoge:A,104M:1:A-1:D-1,14.824441,71.428571,0.686877,0.725182,0.020921,85.714286,20,2
hoge:A,1AMU:1:A-1:D-1,14.207516,76.923077,0.752248,0.617161,0.022941,40.000000,22,1
hoge:A,105M:1:A-1:B-1,14.183996,76.470588,0.539808,0.453211,0.017801,100.000000,17,2
hoge:A,1AIJ:2:D-1:Y-1,13.998864,60.344828,1.040065,1.033262,0.027027,30.000000,26,8
hoge:A,108M:1:A-1:D-1,13.903654,66.000000,0.625290,0.612733,0.021898,83.333333,21,4
hoge:A,104M:1:A-1:B-1,13.772627,100.000000,0.459829,0.349301,0.016754,100.000000,16,1
hoge:A,1A6N:1:A-1:B-1,13.698932,90.000000,0.480540,0.371688,0.018809,100.000000,18,2
hoge:A,1AJG:1:A-1:B-1,13.618157,90.000000,0.492259,0.388728,0.018809,100.000000,18,1
hoge:A,1ABS:1:A-1:B-1,13.612254,75.000000,0.081627,0.039633,0.014660,100.000000,14,2
hoge:A,1A6G:1:A-1:B-1,13.584217,75.000000,0.489211,0.386145,0.018809,100.000000,18,2
hoge:A,1A6K:1:A-1:B-1,13.548997,75.000000,0.495984,0.380479,0.018809,100.000000,18,2
hoge:A,1A6M:1:A-1:B-1,13.517697,75.000000,0.500914,0.392499,0.018809,100.000000,18,2
hoge:A,103M:1:A-1:D-1,13.196554,59.649123,0.445649,0.377995,0.017764,85.714286,17,3
hoge:A,1AJH:1:A-1:B-1,13.045074,89.473684,0.482385,0.375808,0.017764,100.000000,17,1
hoge:A,1AIJ:1:B-1:N-1,12.620961,58.140283,0.853705,0.618447,0.027835,0.000000,27,2
hoge:A,1AIG:2:E-1:V-1,12.607342,57.796258,0.834460,0.612467,0.026860,0.000000,26,2
hoge:A,1AIJ:2:D-1:U-1,12.568753,55.357143,0.913877,0.735371,0.028836,10.000000,28,2
hoge:A,1AIG:1:A-1:M-1,12.362243,53.939394,0.670673,0.502474,0.023834,0.000000,23,5
hoge:A,1AIJ:1:A-1:I-1,12.168096,51.923077,0.919954,0.732520,0.027835,11.111111,27,2
hoge:A,1AIJ:2:E-1:Z-1,12.073196,56.733746,0.815036,0.620357,0.025826,0.000000,25,2
hoge:A,101M:1:A-1:B-1,12.071429,92.857143,0.000000,0.000000,0.013598,100.000000,13,1
hoge:A,111M:1:A-1:B-1,11.857566,92.857143,0.051896,0.028699,0.013598,100.000000,13,1
hoge:A,1AIG:2:D-1:U-1,11.851442,49.180912,0.810949,0.735002,0.025800,0.000000,25,6
hoge:A,109M:1:A-1:B-1,11.840748,92.857143,0.056354,0.031746,0.013598,100.000000,13,1
hoge:A,106M:1:A-1:B-1,11.825569,92.857143,0.059572,0.027591,0.013598,100.000000,13,1
hoge:A,102M:1:A-1:B-1,11.757522,92.857143,0.075161,0.054012,0.013598,100.000000,13,1
hoge:A,107M:1:A-1:B-1,11.705966,70.833333,0.074354,0.030756,0.012565,100.000000,12,2
hoge:A,110M:1:A-1:B-1,11.679500,92.857143,0.103935,0.061779,0.013598,100.000000,13,1
hoge:A,112M:1:A-1:B-1,11.583464,92.857143,0.115886,0.065882,0.013598,100.000000,13,1
hoge:A,1A8U:1:A-1:E-1,11.521450,71.666667,0.882107,0.831647,0.018809,25.000000,18,3
hoge:A,174L:1:A-1:C-1,11.449689,70.000000,0.689925,0.501281,0.021784,20.000000,21,1
hoge:A,1AIG:1:B-1:N-1,11.115802,58.265583,1.134088,1.101929,0.027864,11.111111,27,2
hoge:A,1AIG:1:A-1:I-1,10.878545,46.666667,0.917452,0.705160,0.027692,11.111111,27,1
hoge:A,103M:1:A-1:B-1,10.837987,92.307692,0.064690,0.034743,0.012552,100.000000,12,1
hoge:A,108M:1:A-1:B-1,10.474162,92.307692,0.171315,0.106673,0.012552,100.000000,12,1
hoge:A,1AF4:1:A-1:E-1,10.312717,52.000000,0.669485,0.548801,0.018711,0.000000,18,1
hoge:A,182L:1:A-1:B-1,10.169473,75.000000,0.259367,0.199961,0.015625,25.000000,15,2
hoge:A,156L:1:A-1:B-1,10.008440,80.952381,0.538605,0.282429,0.016667,25.000000,16,1
